0.000212908 0.563919 
0.000109196 0.40249 
8.98838e-05 0.280807 
7.51019e-05 0.282702 
6.38962e-05 0.280135 
5.6982e-05 0.290642 
6.69956e-05 0.291451 
5.4121e-05 0.292253 
7.70092e-05 0.281035 
5.6982e-05 0.283977 
5.4121e-05 0.285727 
5.60284e-05 0.286763 
5.38826e-05 0.279381 
5.60284e-05 0.283765 
5.19753e-05 0.284301 
6.8903e-05 0.292569 
0.000249863 0.561133 
0.000108957 0.403393 
8.89301e-05 0.283655 
7.08103e-05 0.292492 
7.20024e-05 0.291175 
6.31809e-05 0.284021 
6.41346e-05 0.28358 
5.4121e-05 0.289027 
5.19753e-05 0.283429 
5.19753e-05 0.281462 
5.19753e-05 0.287619 
5.6982e-05 0.301608 
5.10216e-05 0.290277 
5.22137e-05 0.283992 
6.31809e-05 0.283232 
5.79357e-05 0.287806 
