0.00176811 57.5994 
0.00170708 30.518 
0.0017128 28.8365 
0.00159097 24.0302 
0.00124598 24.8422 
0.00108695 20.7912 
0.00114799 21.0158 
0.00114799 20.7563 
0.00114012 21.4501 
0.00109005 19.6844 
0.00135088 20.323 
0.00123906 19.6163 
0.00117707 21.9121 
0.00127888 20.2288 
0.00131297 20.5826 
0.00123906 19.6498 
0.00178099 57.2997 
0.00181603 30.5101 
0.00172305 28.3602 
0.00162411 23.0422 
0.00140595 24.4483 
0.00123596 20.9437 
0.00121403 21.3392 
0.0012269 20.2956 
0.00127411 22.0295 
0.00123715 20.3149 
0.00126505 21.2713 
0.00126505 20.3302 
0.00130892 20.4459 
0.00125289 20.6096 
0.0012908 21.2961 
0.00129509 20.8391 
