0.000207901 0.564438 
0.000108004 0.30243 
8.60691e-05 0.288869 
7.00951e-05 0.250974 
7.20024e-05 0.246253 
7.41482e-05 0.222651 
6.19888e-05 0.222375 
5.60284e-05 0.219735 
7.20024e-05 0.21475 
5.79357e-05 0.202282 
5.29289e-05 0.207395 
5.07832e-05 0.213829 
6.31809e-05 0.212706 
5.00679e-05 0.20909 
6.69956e-05 0.218102 
5.6982e-05 0.222619 
0.000193834 0.566384 
0.000912905 0.303863 
0.00111604 0.282363 
0.00090313 0.236722 
0.000802994 0.237929 
0.000749826 0.2129 
0.000797033 0.216739 
0.000790834 0.20808 
0.000771999 0.216229 
0.000789881 0.209786 
0.000782013 0.20808 
0.000816822 0.208458 
0.000838995 0.209512 
0.000833035 0.211056 
0.000828981 0.219791 
0.000829935 0.213222 
