0.000169992 0.561502 
0.000117064 0.401675 
9.29832e-05 0.286824 
6.58035e-05 0.283296 
6.8903e-05 0.281252 
6.00815e-05 0.287141 
6.48499e-05 0.287409 
5.91278e-05 0.295501 
7.10487e-05 0.282092 
6.19888e-05 0.284111 
5.6982e-05 0.280657 
5.6982e-05 0.285056 
6.31809e-05 0.290893 
5.88894e-05 0.288042 
5.60284e-05 0.290399 
6.50883e-05 0.283795 
0.000206947 0.565085 
0.000110149 0.399637 
9.60827e-05 0.283209 
8.01086e-05 0.284727 
7.20024e-05 0.292074 
6.29425e-05 0.283783 
6.79493e-05 0.280771 
5.60284e-05 0.2929 
5.6982e-05 0.284373 
7.00951e-05 0.288456 
6.31809e-05 0.286002 
5.19753e-05 0.325451 
6.00815e-05 0.318217 
5.10216e-05 0.278238 
6.19888e-05 0.290131 
7.29561e-05 0.279822 
