0.000196934 0.560779 
0.000172138 0.301226 
0.000187874 0.291394 
0.000159979 0.24223 
0.000153065 0.244216 
0.000129938 0.22411 
0.000132084 0.22958 
0.000161886 0.208804 
0.000174999 0.225064 
0.000170946 0.205122 
0.000191212 0.223184 
0.000144958 0.208537 
0.000164986 0.21471 
0.000165939 0.214304 
0.000173092 0.214206 
0.000183105 0.210521 
0.000206947 0.561122 
0.00017786 0.293708 
0.000207901 0.284051 
0.000182152 0.236403 
0.000156164 0.24365 
0.000150919 0.217244 
0.000154018 0.229194 
0.000149965 0.215404 
0.000185966 0.221014 
0.000209093 0.213006 
0.000154972 0.221367 
0.000180006 0.211451 
0.000167131 0.229833 
0.000183105 0.215143 
0.000195026 0.216307 
0.000191927 0.228591 
