0.00180316 57.404 
0.000988007 30.472 
0.000731945 27.7456 
0.000588894 23.9523 
0.00050807 22.8211 
0.000411987 21.0093 
0.000400066 21.4483 
0.000339031 20.2704 
0.000340939 20.9142 
0.000296116 19.2966 
0.00030899 20.254 
0.000292063 20.0058 
0.000274897 20.355 
0.000296831 20.0145 
0.000321865 20.8603 
0.000235081 20.313 
0.00177693 57.4555 
0.00889492 30.749 
0.011276 27.2913 
0.008986 22.7442 
0.00820017 23.1213 
0.00776792 21.7618 
0.00806999 21.8286 
0.00781202 20.4139 
0.00802803 20.4603 
0.00780702 19.3226 
0.00812006 20.6126 
0.00776982 20.0949 
0.00803995 21.1897 
0.00786114 19.9167 
0.00800395 20.6095 
0.00815392 20.0068 
