0.00169301 57.5631 
0.00105095 30.2714 
0.00070405 27.92 
0.00057292 23.7113 
0.000516176 23.1573 
0.000451088 21.2722 
0.000427961 21.8211 
0.000379801 20.9123 
0.000374079 22.0319 
0.000333786 20.0908 
0.000356913 20.5111 
0.000316858 19.766 
0.000320196 21.5565 
0.000315905 20.4884 
0.000341892 20.5164 
0.00031209 19.821 
0.00169706 59.6391 
0.00102615 30.4672 
0.0007689 28.8815 
0.000599146 23.4547 
0.000488043 23.6133 
0.000447035 21.1396 
0.000409842 22.0201 
0.000380039 20.1839 
0.000349045 21.5957 
0.000353813 20.039 
0.000333071 21.3945 
0.00031805 20.6965 
0.00032711 21.0883 
0.000298977 20.2955 
0.000324965 20.5634 
0.000330925 20.2274 
