0.000167131 0.558975 
0.000137091 0.401306 
0.000105143 0.281847 
7.10487e-05 0.285252 
6.50883e-05 0.293262 
6.19888e-05 0.288958 
6.19888e-05 0.283761 
5.79357e-05 0.290389 
7.79629e-05 0.287383 
5.57899e-05 0.284312 
5.48363e-05 0.279822 
6.91414e-05 0.2887 
5.6982e-05 0.283733 
5.79357e-05 0.294612 
5.6982e-05 0.289924 
4.91142e-05 0.286521 
0.000211 0.563106 
9.91821e-05 0.400982 
9.799e-05 0.290741 
6.91414e-05 0.286351 
6.19888e-05 0.283345 
7.41482e-05 0.291967 
6.22272e-05 0.286337 
7.10487e-05 0.291953 
5.79357e-05 0.292613 
5.60284e-05 0.279383 
5.10216e-05 0.288713 
5.29289e-05 0.279682 
5.6982e-05 0.285863 
6.19888e-05 0.293135 
5.60284e-05 0.294376 
6.07967e-05 0.285306 
