0.000182867 0.559734 
0.000201941 0.300746 
0.00018096 0.283867 
0.000195026 0.239156 
0.000136852 0.235055 
0.000127077 0.23115 
0.000144958 0.221777 
0.000142097 0.216203 
0.000169039 0.223344 
0.000141859 0.211481 
0.000160933 0.212956 
0.000156164 0.205686 
0.000161171 0.225637 
0.000180006 0.220187 
0.000185966 0.214465 
0.000164032 0.219004 
0.000224113 0.567876 
0.000183105 0.299127 
0.000191927 0.287493 
0.000185966 0.247445 
0.000174999 0.244072 
0.000142097 0.218318 
0.000181913 0.227083 
0.000154018 0.220588 
0.000169039 0.226897 
0.000166178 0.209339 
0.000159025 0.222842 
0.000157118 0.207186 
0.000181913 0.225481 
0.000189066 0.223625 
0.000200987 0.219035 
0.000352144 0.22164 
