0.00018096 0.560893 
0.000162125 0.300863 
0.000174046 0.280226 
0.000180006 0.244369 
0.000145912 0.24179 
0.000128984 0.228001 
0.000135899 0.228992 
0.000154972 0.215811 
0.000144005 0.220728 
0.000172138 0.214041 
0.000173092 0.212404 
0.000160933 0.212158 
0.000143766 0.212774 
0.00018096 0.222106 
0.000174999 0.223593 
0.000216961 0.215995 
0.000203133 0.565521 
0.000194073 0.301438 
0.000205994 0.285242 
0.000168085 0.242121 
0.000159025 0.239944 
0.000134945 0.226172 
0.000142097 0.225809 
0.000155926 0.213075 
0.000166893 0.220485 
0.000174999 0.21028 
0.000176191 0.225349 
0.000172138 0.211538 
0.000169992 0.225089 
0.000175953 0.21787 
0.000200987 0.221971 
0.000178099 0.219836 
