6.81877e-05 0.105611 
4.22001e-05 0.230908 
3.69549e-05 0.246908 
3.31402e-05 0.205406 
2.59876e-05 0.231215 
2.5034e-05 0.173962 
2.28882e-05 0.224842 
2.21729e-05 0.19614 
2.28882e-05 0.175285 
2.21729e-05 0.204336 
4.79221e-05 0.196475 
2.28882e-05 0.163237 
5.22137e-05 0.169201 
2.5034e-05 0.169861 
8.60691e-05 0.160828 
5.19753e-05 0.180488 
5.48363e-05 0.105613 
0.000617981 0.103882 
0.000524044 0.121327 
0.000515938 0.155085 
0.00071907 0.195692 
0.000758886 0.226884 
0.000730991 0.191403 
0.00046587 0.096945 
0.000741005 0.218149 
0.000725985 0.192955 
0.000755072 0.196667 
0.000658035 0.179723 
0.000674963 0.198655 
0.0032711 0.174764 
0.00143886 0.181557 
0.000730038 0.176754 
