0.000195026 0.570496 
0.000108957 0.300068 
8.60691e-05 0.28556 
8.10623e-05 0.247524 
9.20296e-05 0.24046 
6.69956e-05 0.223327 
6.69956e-05 0.222279 
5.50747e-05 0.215143 
5.50747e-05 0.215766 
5.50747e-05 0.204287 
5.19753e-05 0.217162 
5.38826e-05 0.206801 
4.98295e-05 0.229606 
5.31673e-05 0.212982 
5.38826e-05 0.221456 
6.19888e-05 0.216878 
0.000205994 0.56665 
0.000906944 0.299275 
0.00108886 0.277923 
0.00088191 0.242838 
0.000818014 0.236348 
0.000762939 0.220204 
0.000823021 0.229121 
0.000776052 0.218405 
0.000813007 0.21132 
0.000782013 0.208835 
0.000818014 0.208324 
0.000776052 0.197259 
0.000838041 0.217878 
0.00079298 0.210011 
0.000823021 0.216061 
0.000840902 0.215755 
